-0.711417 
0.771294 
-0.003449 
-0.002594 
0.512986 
0.370098 
0.094943 
-0.094760 
0.297830 
0.610157 
-0.728324 
0.343974 
0.039277 
-0.470809 
-0.423444 
-0.482101 
-0.430525 
0.108249 
0.362835 
-0.132420 
0.107456 
0.795953 
0.693167 
0.713187 
-0.020417 
0.817682 
-0.640797 
0.401410 
0.047151 
-0.042207 
-0.048494 
0.144505 
0.778252 
-0.498459 
-0.582141 
0.737663 
-0.097934 
0.025117 
-0.452559 
0.342753 
0.582202 
0.720328 
-0.181860 
0.526414 
-0.952696 
-0.057772 
-0.955077 
0.739189 
-0.383465 
-0.332743 
0.266335 
0.423688 
0.056429 
-0.451888 
0.306253 
0.939268 
-0.792474 
-0.745232 
0.450301 
0.490219 
-0.181433 
0.787469 
-0.328715 
0.245888 
0.524277 
-0.549852 
0.844478 
0.839534 
-0.094150 
-0.828364 
-0.612537 
-0.567003 
0.571032 
0.861690 
0.764275 
0.536607 
0.190405 
-0.510361 
0.289407 
0.768914 
-0.570482 
0.574206 
-0.329142 
0.746452 
-0.288369 
-0.230995 
-0.271462 
0.289590 
0.751091 
0.235450 
-0.274087 
0.132115 
0.793207 
-0.513413 
0.752800 
0.322428 
-0.501267 
0.391949 
-0.403912 
0.503586 
0.410627 
0.029817 
0.536424 
0.259560 
0.939634 
-0.925352 
-0.492050 
0.715873 
0.808039 
-0.592700 
0.059420 
-0.418928 
0.886776 
0.635182 
-0.447371 
0.817682 
-0.634449 
-0.789911 
-0.962462 
-0.871212 
-0.808283 
0.831599 
-0.759697 
0.449690 
-0.283364 
-0.177709 
0.101779 
0.629505 
0.486496 
0.164342 
0.305094 
-0.506943 
0.115024 
-0.117710 
0.228065 
0.468368 
0.175817 
-0.537645 
0.759758 
0.968017 
-0.948180 
-0.006500 
-0.582995 
-0.287515 
-0.320780 
-0.281106 
0.200110 
0.181921 
0.123203 
0.685354 
0.623524 
0.384320 
0.923582 
0.177343 
0.360149 
0.127964 
0.147008 
0.624195 
0.936583 
-0.014985 
0.084628 
0.667226 
0.916379 
-0.866268 
0.530320 
-0.925657 
0.008942 
0.267922 
0.579882 
0.190344 
0.542467 
0.759392 
-0.113620 
0.609119 
-0.263344 
0.262185 
-0.689627 
-0.243446 
-0.785638 
-0.053987 
-0.097934 
0.071200 
-0.811029 
-0.454268 
0.153050 
-0.530503 
-0.235389 
-0.585437 
0.454939 
-0.215674 
0.787896 
-0.230750 
0.702750 
-0.136998 
0.687124 
0.313700 
-0.019745 
-0.986267 
-0.262185 
0.429304 
0.264565 
-0.513413 
0.191687 
-0.881344 
-0.911618 
-0.322611 
0.705435 
0.891720 
-0.903928 
0.741752 
-0.490951 
0.779534 
-0.567858 
0.306619 
-0.250832 
0.665334 
0.899350 
-0.032563 
-0.554491 
0.119480 
-0.176550 
0.257302 
-0.501022 
-0.074862 
0.563097 
-0.223365 
0.187170 
-0.516343 
-0.399030 
0.170629 
-0.413862 
0.285867 
-0.844783 
-0.358318 
0.355266 
0.637318 
-0.752678 
0.684317 
0.322794 
-0.174718 
0.164769 
0.730583 
-0.689810 
0.914243 
0.255837 
-0.606922 
-0.368389 
0.357891 
0.993835 
0.992920 
0.706961 
-0.384747 
0.248207 
0.060152 
-0.774407 
0.958129 
-0.299722 
0.495468 
-0.701041 
0.656850 
-0.658620 
0.077731 
0.037812 
-0.266335 
0.989685 
-0.991516 
0.993713 
-0.530931 
-0.235084 
0.178076 
0.900815 
-0.150487 
-0.542711 
-0.158177 
0.156407 
0.144688 
0.728202 
0.394635 
0.476547 
-0.199377 
0.080721 
-0.069918 
0.165563 
0.837092 
0.537278 
0.272622 
0.436140 
-0.064119 
-0.038423 
0.169347 
-0.782708 
-0.591174 
-0.037446 
-0.669790 
-0.110813 
-0.768731 
-0.681875 
0.002777 
-0.620167 
-0.669790 
0.855647 
-0.230384 
-0.936094 
0.313517 
-0.272805 
0.256569 
0.898679 
-0.172216 
0.016633 
-0.562426 
0.236549 
0.733329 
-0.383587 
0.225867 
-0.249306 
0.282327 
0.311319 
-0.963439 
-0.088839 
0.488998 
-0.993469 
-0.989257 
0.449446 
0.877865 
-0.961730 
-0.414106 
0.249123 
-0.200415 
-0.496628 
-0.897641 
0.099338 
-0.500351 
-0.453719 
0.132298 
-0.250832 
-0.871151 
-0.459700 
0.218421 
-0.299417 
0.882992 
0.101230 
-0.289041 
-0.823237 
-0.541856 
0.870113 
-0.610584 
0.704031 
0.011200 
0.003388 
-0.443159 
0.744011 
0.810175 
0.307413 
-0.705374 
0.815241 
-0.235389 
0.954833 
-0.435041 
0.539109 
-0.977844 
0.720817 
0.847896 
-0.950072 
0.818659 
-0.323832 
-0.998169 
0.206091 
0.769768 
-0.724967 
0.033601 
0.038301 
-0.207862 
-0.225684 
-0.533677 
-0.125095 
0.839961 
0.923215 
0.992676 
-0.420392 
-0.353801 
0.859127 
0.100314 
0.340495 
-0.345134 
-0.851253 
-0.641713 
-0.553026 
0.332316 
0.910825 
-0.949950 
0.492904 
-0.955016 
-0.041902 
-0.157628 
-0.557787 
-0.309122 
-0.102756 
-0.823359 
-0.003327 
0.272744 
-0.877621 
0.070711 
0.700369 
0.599780 
0.641041 
0.017487 
-0.779046 
0.305948 
0.669851 
0.669729 
0.244301 
0.372417 
0.936644 
-0.003265 
0.418867 
0.340922 
0.627918 
-0.398297 
0.789605 
0.406598 
0.917600 
0.886471 
0.156957 
0.576525 
0.015656 
0.751274 
-0.200903 
0.082858 
-0.326151 
0.517685 
0.995483 
-0.762993 
-0.914304 
0.761040 
-0.212195 
0.912778 
-0.881222 
-0.258950 
0.417768 
-0.154210 
0.816462 
0.117466 
-0.122776 
0.937315 
-0.893551 
-0.361919 
-0.990234 
0.748772 
-0.345622 
0.487228 
0.600269 
-0.624378 
-0.201209 
0.981872 
-0.109897 
0.887814 
-0.493820 
0.302713 
-0.043977 
-0.476730 
-0.717277 
-0.051973 
-0.610584 
-0.175878 
0.980956 
0.598010 
0.714225 
-0.099460 
0.437544 
0.075900 
0.980285 
0.011811 
-0.117832 
-0.904843 
0.970092 
-0.348979 
-0.948241 
0.478988 
0.456648 
-0.678823 
0.950499 
0.539781 
-0.051057 
0.190161 
-0.809259 
0.306497 
0.363872 
-0.187719 
0.855037 
-0.712943 
-0.939085 
-0.896542 
-0.186621 
-0.546251 
-0.321879 
0.758232 
0.436445 
0.137913 
0.205725 
0.295083 
0.639882 
-0.476547 
0.736198 
-0.081271 
0.198584 
-0.575427 
-0.672903 
0.386151 
-0.731803 
-0.963500 
-0.584887 
-0.936399 
-0.949339 
0.346782 
-0.782159 
-0.636647 
-0.457930 
0.893063 
0.561998 
-0.254006 
0.299966 
0.557604 
-0.425764 
-0.522752 
-0.832392 
0.083102 
0.673513 
-0.674062 
0.893246 
-0.000580 
0.300821 
0.390790 
0.580615 
-0.352214 
-0.174352 
-0.756157 
-0.090426 
0.989990 
0.064974 
0.577685 
-0.936216 
0.890378 
0.853572 
-0.456099 
0.302347 
0.558092 
0.101901 
0.970885 
0.114109 
-0.163244 
-0.219092 
-0.352580 
-0.108737 
-0.970397 
-0.731071 
0.860958 
0.059725 
-0.053133 
-0.499924 
-0.623646 
-0.395367 
0.863643 
0.350627 
0.044649 
-0.072726 
-0.924680 
0.701285 
0.226844 
0.971862 
-0.261818 
-0.387127 
-0.776849 
0.559191 
0.682485 
0.052583 
0.892453 
0.865108 
-0.113926 
-0.391644 
0.650868 
0.980590 
-0.704703 
-0.370464 
-0.962462 
-0.508286 
-0.318766 
-0.769524 
-0.966735 
0.016633 
0.218482 
-0.405072 
-0.678823 
-0.363323 
-0.525803 
-0.981323 
0.676015 
-0.840083 
-0.504990 
0.128269 
-0.329997 
-0.845637 
-0.321635 
-0.287454 
0.882748 
0.687490 
0.117527 
0.605640 
-0.197974 
0.710990 
-0.894223 
0.057100 
-0.395917 
-0.972472 
0.488998 
0.029267 
-0.000092 
0.776666 
-0.447005 
-0.143162 
-0.664357 
-0.622364 
-0.866268 
0.707572 
0.134434 
-0.132298 
0.637379 
0.281106 
-0.733207 
-0.428938 
-0.341655 
-0.815851 
0.938108 
0.038667 
0.882504 
-0.581835 
-0.321146 
-0.805841 
-0.037446 
0.418317 
-0.471908 
-0.375225 
-0.945555 
-0.919675 
0.593677 
-0.046052 
-0.299539 
-0.786065 
-0.819575 
-0.766167 
-0.252052 
0.858455 
0.671865 
-0.705313 
-0.009003 
0.899899 
-0.647206 
0.988647 
-0.778375 
-0.573595 
0.361614 
-0.734489 
-0.620777 
-0.740837 
-0.041780 
-0.981201 
-0.515366 
-0.903562 
-0.703299 
0.637623 
0.047212 
-0.291055 
-0.111484 
-0.796381 
0.632191 
-0.376995 
-0.054659 
0.270913 
0.274941 
-0.270058 
-0.212317 
0.163610 
-0.568468 
-0.741874 
-0.491806 
-0.267922 
-0.848994 
0.546556 
-0.924619 
-0.497177 
0.158238 
-0.944212 
0.067171 
-0.839106 
-0.465804 
0.055940 
-0.779717 
-0.698660 
-0.318339 
0.426557 
0.983764 
0.388165 
-0.736442 
-0.991760 
-0.736381 
0.857295 
0.801141 
-0.057588 
-0.452803 
-0.697806 
0.620106 
0.436262 
-0.407392 
0.678701 
-0.168126 
-0.608448 
-0.126560 
-0.533372 
0.037324 
0.334452 
-0.036225 
-0.273659 
0.440901 
-0.917295 
0.053072 
0.987182 
0.062166 
-0.410504 
-0.223487 
-0.094638 
-0.267129 
0.400189 
-0.449995 
0.629078 
-0.433821 
-0.840388 
0.596423 
-0.192236 
0.586413 
-0.391644 
0.850093 
-0.815973 
0.206275 
0.504135 
0.928831 
-0.295572 
0.239418 
0.906552 
-0.641102 
0.087741 
-0.864437 
-0.736869 
-0.757866 
-0.212500 
-0.874447 
0.733268 
-0.448836 
-0.713248 
-0.035371 
0.187658 
-0.758415 
-0.337687 
-0.039949 
-0.678457 
-0.631825 
0.355876 
-0.027802 
-0.681326 
-0.607959 
-0.910215 
-0.924741 
-0.496811 
0.867000 
0.865169 
-0.434004 
-0.582568 
0.692129 
-0.021393 
0.007233 
0.763543 
-0.881527 
-0.002716 
-0.005829 
0.644704 
0.697134 
-0.372784 
-0.668874 
0.546068 
-0.644154 
-0.585315 
-0.694449 
0.490402 
-0.207190 
-0.783746 
0.747429 
0.807428 
0.373211 
-0.623341 
0.561144 
0.953856 
-0.281411 
-0.449385 
-0.582324 
-0.178259 
0.173742 
0.106723 
0.294717 
0.972777 
0.341166 
0.051546 
0.550829 
-0.764580 
-0.131626 
0.409589 
-0.776055 
0.103488 
0.677786 
0.999023 
0.238563 
0.372112 
-0.175817 
-0.461592 
-0.788629 
-0.549608 
0.169836 
-0.976196 
0.541795 
-0.213111 
0.062716 
0.312174 
0.475082 
-0.154332 
0.206275 
-0.150243 
0.826167 
0.071261 
0.908505 
-0.517441 
-0.950072 
-0.721183 
-0.103183 
0.285928 
-0.651784 
-0.092135 
-0.112522 
-0.648549 
0.498276 
-0.423322 
0.095737 
-0.531358 
-0.908383 
-0.624928 
0.875546 
0.637928 
-0.128941 
0.332865 
-0.324931 
-0.646107 
-0.147618 
0.501694 
-0.503342 
0.595386 
-0.081271 
0.087558 
0.048067 
0.459578 
0.575365 
-0.928404 
0.771905 
0.378887 
-0.448042 
0.757073 
-0.057283 
0.857173 
-0.059969 
-0.321390 
-0.982971 
-0.337626 
0.552965 
-0.686331 
0.425153 
0.414655 
-0.803583 
0.030976 
-0.008209 
0.505722 
0.536180 
0.715384 
0.173132 
0.288247 
-0.748955 
0.506027 
-0.702261 
0.471908 
0.159093 
0.085177 
0.999268 
-0.335490 
0.002838 
0.955199 
-0.972900 
0.994446 
0.583544 
0.141331 
-0.375286 
-0.247047 
-0.070833 
0.758232 
0.660878 
0.994140 
-0.813654 
-0.123447 
-0.297403 
-0.972106 
-0.078402 
0.128391 
0.217444 
-0.253273 
-0.479537 
0.488021 
0.091281 
-0.279336 
-0.627979 
0.666616 
-0.349040 
0.999939 
-0.474288 
0.556932 
-0.622242 
-0.438093 
0.508530 
-0.833308 
0.499924 
0.340373 
-0.010163 
0.478072 
0.651479 
0.773736 
0.981262 
0.669607 
-0.214698 
-0.189001 
-0.740715 
0.139805 
0.527329 
0.311869 
0.698355 
0.768364 
0.159398 
-0.221473 
0.200659 
-0.146458 
0.419294 
-0.642140 
0.912168 
-0.837397 
0.303873 
0.049959 
-0.589221 
0.533433 
0.063997 
0.061373 
-0.445235 
0.463546 
-0.421613 
0.240455 
0.678579 
-0.873897 
-0.706168 
-0.467879 
0.824213 
0.248207 
0.919187 
-0.610034 
0.695181 
-0.709586 
0.060762 
-0.917661 
-0.979736 
0.364544 
-0.012909 
0.830988 
-0.984497 
-0.673025 
0.709403 
0.718863 
0.630665 
-0.514206 
0.566515 
0.305155 
0.268899 
-0.642018 
0.500717 
0.885067 
0.666494 
0.915586 
0.213294 
-0.669118 
0.619922 
-0.243141 
0.385418 
